@desert1.tif
0 18 # sky
1 21
5835 11
5835 1668
5359 1764
5031 1800
4850 1768
4376 1781
4144 1824
3885 1836
3424 1956
2846 1988
2535 1945
2152 1787
1926 1815
1727 1874
1050 1904
839 1809
0 2054
1 13 # sand
3 2040
852 1808
1063 1935
1713 1884
2146 1796
2707 1980
3266 1980
3943 1846
4605 1792
5508 1763
5832 1678
5830 3887
2 3890
@desert2.tif
0 15 # sky
6 7
3481 8
3481 935
3387 928
2961 843
2807 785
1701 551
1490 520
1370 522
1286 495
1176 524
907 529
568 509
234 552
7 661
1 12 # sand
6 685
248 568
495 525
1048 546
1280 511
1406 543
1525 537
2758 792
2942 854
3481 969
3479 2321
11 2321